SM:2023-12-24T19:50:26.5317153Z
LM:2023-12-24T20:02:42.7795580Z
CT:image/jpeg
MA:2592000
CL:1043992
