SM:2023-12-20T23:20:16.5563892Z
LM:2023-12-21T08:11:52.0892460Z
CT:image/jpeg
MA:2592000
CL:56878
