SM:2023-12-24T19:50:26.5287748Z
LM:2023-12-24T19:50:57.6352740Z
CT:image/jpeg
MA:2592000
CL:412910
