SM:2023-12-24T19:50:26.5287748Z
LM:2023-12-25T18:38:39.3758250Z
CT:image/jpeg
MA:2592000
CL:19612
