SM:2023-12-24T19:50:26.5245524Z
LM:2023-12-24T19:51:24.4218230Z
CT:image/jpeg
MA:2592000
CL:900890
