SM:2023-12-20T23:20:16.5603120Z
LM:2023-12-21T08:11:52.0892330Z
CT:image/jpeg
MA:2592000
CL:19612
