SM:2023-12-20T23:20:16.5642539Z
LM:2023-12-21T08:11:52.0892420Z
CT:image/jpeg
MA:2592000
CL:40660
