SM:2023-12-24T19:50:26.5245524Z
LM:2023-12-25T18:38:39.7711830Z
CT:image/jpeg
MA:2592000
CL:56878
