SM:2023-12-20T23:20:16.5642539Z
LM:2023-12-20T23:44:45.7921850Z
CT:image/jpeg
MA:2592000
CL:1043992
