SM:2023-12-20T23:20:16.5563892Z
LM:2023-12-20T23:44:51.2252230Z
CT:image/jpeg
MA:2592000
CL:900890
