SM:2023-12-20T23:20:16.5603120Z
LM:2023-12-20T23:20:44.2456760Z
CT:image/jpeg
MA:2592000
CL:412910
